Circuit element: [15 12]
Fidelities
[0.97489597 0.97514514 0.97514514 0.97489597 0.97489714 0.97514632
 0.97514632 0.97489714 0.97514514 0.97489597 0.97489597 0.97514514
 0.97514632 0.97489714 0.97489714 0.97514632]
Optimal gauge
[0.         1.         0.         1.         0.97514632]
Time elapsed: 7 seconds.
Circuit element: [15 14]
Fidelities
[0.97499294 0.97506915 0.98108054 0.96903952 0.97506915 0.97499294
 0.96903952 0.98108054 0.98108054 0.96903952 0.97499294 0.97506915
 0.96903952 0.98108054 0.97506915 0.97499294]
Optimal gauge
[0.         0.         1.         0.         0.98108054]
Time elapsed: 15 seconds.
Circuit element: [12 13]
Fidelities
[0.97499294 0.97506915 0.98108054 0.96903952 0.97506915 0.97499294
 0.96903952 0.98108054 0.98108054 0.96903952 0.97499294 0.97506915
 0.96903952 0.98108054 0.97506915 0.97499294]
Optimal gauge
[0.         0.         1.         0.         0.98108054]
Time elapsed: 22 seconds.
Circuit element: [12 17]
Fidelities
[0.97205682 0.97807716 0.97807716 0.97205682 0.97807716 0.97205682
 0.97205682 0.97807716 0.97807716 0.97205682 0.97205682 0.97807716
 0.97205682 0.97807716 0.97807716 0.97205682]
Optimal gauge
[0.         0.         0.         1.         0.97807716]
Time elapsed: 30 seconds.
Circuit element: [12 12]
Fidelities
[0.96234274 0.98788014 1.         0.95053235 0.98788014 0.96234274
 0.95053235 1.         1.         0.95053235 0.96234274 0.98788014
 0.95053235 1.         0.98788014 0.96234274]
Optimal gauge
[0. 0. 1. 0. 1.]
Time elapsed: 37 seconds.
Circuit element: [12 14]
Fidelities
[0.97476566 0.97501598 0.97527432 0.97502629 0.97501598 0.97526635
 0.97502629 0.97477832 0.97527432 0.97502629 0.97476566 0.97501598
 0.97502629 0.97477832 0.97501598 0.97526635]
Optimal gauge
[0.         0.         1.         0.         0.97527432]
Time elapsed: 44 seconds.
Circuit element: [14 12]
Fidelities
[0.97476566 0.97501598 0.97527432 0.97502629 0.97501598 0.97526635
 0.97502629 0.97477832 0.97527432 0.97502629 0.97476566 0.97501598
 0.97502629 0.97477832 0.97501598 0.97526635]
Optimal gauge
[0.         0.         1.         0.         0.97527432]
Time elapsed: 52 seconds.
Circuit element: [14 14]
Fidelities
[0.96234274 0.98788014 1.         0.95053235 0.98788014 0.96234274
 0.95053235 1.         1.         0.95053235 0.96234274 0.98788014
 0.95053235 1.         0.98788014 0.96234274]
Optimal gauge
[0. 0. 1. 0. 1.]
Time elapsed: 59 seconds.
